          267           721           455
           1     0.600000     0.000000            2
           2     0.588790     0.000000            1
           3     0.577192     0.000000            1
           4     0.564427     0.000000            1
           5     0.549646     0.000000            1
           6     0.531887     0.000000            1
           7     0.510148     0.000000            1
           8     0.483573     0.000000            1
           9     0.451706     0.000000            1
          10     0.414598     0.000000            1
          11     0.372715     0.000000            1
          12     0.326743     0.000000            1
          13     0.277423     0.000000            1
          14     0.225441     0.000000            1
          15     0.171386     0.000000            1
          16     0.115726     0.000000            1
          17     0.058826     0.000000            1
          18     0.000000     0.000000            5
          19     0.600000     0.011210            2
          20     0.600000     0.022788            2
          21     0.600000     0.035480            2
          22     0.600000     0.050038            2
          23     0.600000     0.067136            2
          24     0.600000     0.087053            2
          25     0.600000     0.112947            2
          26     0.600000     0.132864            2
          27     0.600000     0.149962            2
          28     0.600000     0.164520            2
          29     0.600000     0.177212            2
          30     0.600000     0.188790            2
          31     0.600000     0.200000            3
          32     0.600000     0.211210            3
          33     0.600000     0.222825            3
          34     0.600000     0.235637            3
          35     0.600000     0.250539            3
          36     0.600000     0.268582            3
          37     0.600000     0.290936            3
          38     0.600000     0.318681            3
          39     0.600000     0.352446            3
          40     0.600000     0.392129            3
          41     0.600000     0.436969            3
          42     0.600000     0.485916            3
          43     0.600000     0.537961            3
          44     0.600000     0.592289            3
          45     0.600000     0.648296            3
          46     0.600000     0.705551            3
          47     0.600000     0.763746            3
          48     0.600000     0.822659            3
          49     0.600000     0.882132            3
          50     0.600000     0.941066            3
          51     0.600000     1.000000            4
          52     0.539453     1.000000            4
          53     0.478897     1.000000            4
          54     0.418313     1.000000            4
          55     0.357686     1.000000            4
          56     0.297002     1.000000            4
          57     0.236248     1.000000            4
          58     0.175417     1.000000            4
          59     0.114503     1.000000            4
          60     0.057252     1.000000            4
          61     0.000000     1.000000            5
          62     0.000000     0.058627            5
          63     0.000000     0.117182            5
          64     0.000000     0.175725            5
          65     0.000000     0.234316            5
          66     0.000000     0.293010            5
          67     0.000000     0.351858            5
          68     0.000000     0.410897            5
          69     0.000000     0.470155            5
          70     0.000000     0.529646            5
          71     0.000000     0.589374            5
          72     0.000000     0.649336            5
          73     0.000000     0.709521            5
          74     0.000000     0.769915            5
          75     0.000000     0.830500            5
          76     0.000000     0.891261            5
          77     0.000000     0.945631            5
          78     0.591634     0.192389            0
          79     0.590056     0.203674            0
          80     0.583016     0.011931            0
          81     0.591963     0.179279            0
          82     0.592189     0.219750            0
          83     0.588603     0.030813            0
          84     0.581520     0.190583            0
          85     0.580651     0.208860            0
          86     0.583399     0.171021            0
          87     0.584025     0.228113            0
          88     0.552609     0.011161            0
          89     0.585052     0.150102            0
          90     0.589104     0.247549            0
          91     0.565878     0.183313            0
          92     0.565575     0.215610            0
          93     0.566424     0.162649            0
          94     0.568485     0.198805            0
          95     0.568585     0.237306            0
          96     0.570774     0.018837            0
          97     0.579967     0.042711            0
          98     0.551108     0.198744            0
          99     0.556528     0.031609            0
         100     0.587525     0.064541            0
         101     0.532838     0.016504            0
         102     0.547121     0.175841            0
         103     0.549748     0.223183            0
         104     0.563791     0.056093            0
         105     0.528950     0.189020            0
         106     0.539822     0.044045            0
         107     0.545387     0.151123            0
         108     0.549150     0.248658            0
         109     0.576721     0.123993            0
         110     0.534081     0.210006            0
         111     0.566840     0.142022            0
         112     0.545982     0.072477            0
         113     0.524775     0.163067            0
         114     0.515459     0.025536            0
         115     0.526199     0.232941            0
         116     0.576476     0.261828            0
         117     0.524028     0.134647            0
         118     0.584162     0.288114            0
         119     0.573817     0.081001            0
         120     0.581591     0.100899            0
         121     0.509584     0.209607            0
         122     0.551785     0.125798            0
         123     0.553942     0.276607            0
         124     0.555869     0.101126            0
         125     0.516270     0.054720            0
         126     0.502477     0.180269            0
         127     0.523539     0.260376            0
         128     0.530906     0.111190            0
         129     0.489627     0.027212            0
         130     0.501058     0.146085            0
         131     0.523617     0.087253            0
         132     0.479064     0.206587            0
         133     0.527795     0.294710            0
         134     0.500358     0.108943            0
         135     0.495813     0.237564            0
         136     0.490385     0.068376            0
         137     0.470852     0.164711            0
         138     0.449280     0.039102            0
         139     0.443616     0.191113            0
         140     0.458187     0.090848            0
         141     0.566125     0.307481            0
         142     0.491670     0.272680            0
         143     0.472889     0.127767            0
         144     0.458816     0.241418            0
         145     0.575397     0.336028            0
         146     0.537853     0.335553            0
         147     0.435710     0.131383            0
         148     0.498914     0.320075            0
         149     0.411350     0.066123            0
         150     0.559334     0.381063            0
         151     0.459412     0.292851            0
         152     0.361402     0.036966            0
         153     0.402926     0.172638            0
         154     0.517055     0.378824            0
         155     0.420409     0.268462            0
         156     0.464304     0.347991            0
         157     0.544847     0.440285            0
         158     0.394480     0.118302            0
         159     0.409563     0.227073            0
         160     0.411645     0.313907            0
         161     0.353243     0.148689            0
         162     0.364567     0.208841            0
         163     0.483929     0.409944            0
         164     0.293555     0.051032            0
         165     0.366862     0.270536            0
         166     0.417906     0.371692            0
         167     0.348382     0.082955            0
         168     0.306123     0.113997            0
         169     0.312763     0.179396            0
         170     0.217680     0.055909            0
         171     0.543735     0.517443            0
         172     0.072579     0.910234            0
         173     0.358524     0.327753            0
         174     0.324810     0.239680            0
         175     0.300714     0.288031            0
         176     0.257605     0.158699            0
         177     0.145219     0.073678            0
         178     0.070681     0.067259            0
         179     0.544353     0.595937            0
         180     0.540992     0.668461            0
         181     0.539886     0.731920            0
         182     0.065472     0.137852            0
         183     0.425864     0.433251            0
         184     0.363765     0.396753            0
         185     0.268539     0.222713            0
         186     0.302945     0.356818            0
         187     0.258815     0.094924            0
         188     0.496293     0.468075            0
         189     0.193635     0.123030            0
         190     0.197798     0.192336            0
         191     0.426855     0.491989            0
         192     0.540507     0.796940            0
         193     0.540480     0.865848            0
         194     0.534571     0.940996            0
         195     0.443024     0.951072            0
         196     0.383715     0.930617            0
         197     0.329844     0.932717            0
         198     0.264446     0.940148            0
         199     0.202955     0.939610            0
         200     0.131838     0.941020            0
         201     0.076396     0.198487            0
         202     0.066870     0.257801            0
         203     0.056655     0.321297            0
         204     0.059425     0.379263            0
         205     0.060787     0.439719            0
         206     0.061595     0.503025            0
         207     0.062805     0.566367            0
         208     0.053118     0.618198            0
         209     0.063627     0.670789            0
         210     0.064101     0.740047            0
         211     0.063247     0.825144            0
         212     0.240841     0.326238            0
         213     0.368425     0.463074            0
         214     0.306952     0.429626            0
         215     0.220753     0.259965            0
         216     0.486538     0.518542            0
         217     0.244192     0.396901            0
         218     0.136358     0.156183            0
         219     0.141711     0.229857            0
         220     0.430791     0.550145            0
         221     0.180145     0.368489            0
         222     0.373733     0.529538            0
         223     0.497199     0.565342            0
         224     0.107030     0.106803            0
         225     0.484017     0.634095            0
         226     0.476718     0.695531            0
         227     0.479964     0.766277            0
         228     0.481446     0.838509            0
         229     0.113027     0.287406            0
         230     0.117309     0.347057            0
         231     0.120851     0.406632            0
         232     0.122898     0.471925            0
         233     0.122511     0.544221            0
         234     0.247997     0.467369            0
         235     0.170558     0.299972            0
         236     0.183806     0.435992            0
         237     0.381489     0.599785            0
         238     0.439642     0.604916            0
         239     0.412510     0.659255            0
         240     0.421459     0.733097            0
         241     0.416935     0.811338            0
         242     0.485361     0.919365            0
         243     0.185870     0.506287            0
         244     0.117158     0.617322            0
         245     0.311922     0.500488            0
         246     0.320056     0.575932            0
         247     0.368013     0.704158            0
         248     0.356005     0.785054            0
         249     0.423185     0.879254            0
         250     0.183953     0.580621            0
         251     0.332765     0.650272            0
         252     0.309293     0.732859            0
         253     0.356064     0.858419            0
         254     0.251838     0.540767            0
         255     0.259925     0.615434            0
         256     0.286589     0.815651            0
         257     0.259223     0.684170            0
         258     0.297181     0.878127            0
         259     0.231870     0.872025            0
         260     0.152395     0.886600            0
         261     0.125070     0.693017            0
         262     0.131713     0.773516            0
         263     0.248520     0.762408            0
         264     0.185392     0.651792            0
         265     0.200064     0.814015            0
         266     0.188971     0.732687            0
         267     0.119884     0.851223            0
           1            1            2            1
           2            2            3            1
           3            3            4            1
           4            4            5            1
           5            5            6            1
           6            6            7            1
           7            7            8            1
           8            8            9            1
           9            9           10            1
          10           10           11            1
          11           11           12            1
          12           12           13            1
          13           13           14            1
          14           14           15            1
          15           15           16            1
          16           16           17            1
          17           17           18            1
          18            1           19            2
          19           19           20            2
          20           20           21            2
          21           21           22            2
          22           22           23            2
          23           23           24            2
          24           24           25            2
          25           25           26            2
          26           26           27            2
          27           27           28            2
          28           28           29            2
          29           29           30            2
          30           30           31            2
          31           31           32            3
          32           32           33            3
          33           33           34            3
          34           34           35            3
          35           35           36            3
          36           36           37            3
          37           37           38            3
          38           38           39            3
          39           39           40            3
          40           40           41            3
          41           41           42            3
          42           42           43            3
          43           43           44            3
          44           44           45            3
          45           45           46            3
          46           46           47            3
          47           47           48            3
          48           48           49            3
          49           49           50            3
          50           50           51            3
          51           51           52            4
          52           52           53            4
          53           53           54            4
          54           54           55            4
          55           55           56            4
          56           56           57            4
          57           57           58            4
          58           58           59            4
          59           59           60            4
          60           60           61            4
          61           18           62            5
          62           62           63            5
          63           63           64            5
          64           64           65            5
          65           65           66            5
          66           66           67            5
          67           67           68            5
          68           68           69            5
          69           69           70            5
          70           70           71            5
          71           71           72            5
          72           72           73            5
          73           73           74            5
          74           74           75            5
          75           75           76            5
          76           76           77            5
          77           77           61            5
          78            2           19            0
          79           30           78            0
          80           78           31            0
          81           31           79            0
          82           79           32            0
          83            3           80            0
          84           80            2            0
          85           19           80            0
          86           80           20            0
          87           29           81            0
          88           81           30            0
          89           32           82            0
          90           82           33            0
          91            4           80            0
          92           20           83            0
          93           83           21            0
          94           28           81            0
          95           82           34            0
          96           81           78            0
          97           81           84            0
          98           84           78            0
          99           78           79            0
         100           84           79            0
         101           79           82            0
         102           79           85            0
         103           85           82            0
         104           81           86            0
         105           86           84            0
         106           84           85            0
         107           85           87            0
         108           87           82            0
         109            5           88            0
         110           88            4            0
         111           83           22            0
         112           27           89            0
         113           89           28            0
         114           34           90            0
         115           90           35            0
         116           80           83            0
         117           28           86            0
         118           86           91            0
         119           91           84            0
         120           85           92            0
         121           92           87            0
         122           87           34            0
         123           86           93            0
         124           93           91            0
         125           91           94            0
         126           94           84            0
         127           85           94            0
         128           94           92            0
         129           92           95            0
         130           95           87            0
         131           80           96            0
         132           96           83            0
         133            4           96            0
         134           96           97            0
         135           97           83            0
         136           86           89            0
         137           89           93            0
         138           91           98            0
         139           98           94            0
         140           98           92            0
         141           96           99            0
         142           99           97            0
         143           97           22            0
         144            6           88            0
         145           22          100            0
         146          100           23            0
         147           26           89            0
         148           90           36            0
         149           88           96            0
         150           88           99            0
         151           88          101            0
         152          101           99            0
         153           87           90            0
         154           93          102            0
         155          102           91            0
         156           92          103            0
         157          103           95            0
         158           95           90            0
         159          102           98            0
         160           99          104            0
         161          104           97            0
         162          102          105            0
         163          105           98            0
         164            6          101            0
         165          101          106            0
         166          106           99            0
         167           93          107            0
         168          107          102            0
         169           98          103            0
         170          103          108            0
         171          108           95            0
         172          104          100            0
         173          100           97            0
         174          100           24            0
         175           25          109            0
         176          109           26            0
         177          106          104            0
         178          105          110            0
         179          110           98            0
         180           93          111            0
         181          111          107            0
         182          106          112            0
         183          112          104            0
         184            7          101            0
         185          102          113            0
         186          113          105            0
         187          101          114            0
         188          114          106            0
         189          107          113            0
         190          103          115            0
         191          115          108            0
         192          108          116            0
         193          116           95            0
         194           89          111            0
         195          107          117            0
         196          117          113            0
         197           36          118            0
         198          118           37            0
         199          104          119            0
         200          119          100            0
         201           25          120            0
         202          120          109            0
         203          109           89            0
         204          105          121            0
         205          121          110            0
         206          110          103            0
         207          110          115            0
         208          111          122            0
         209          122          107            0
         210          112          119            0
         211          108          123            0
         212          123          116            0
         213          116           90            0
         214          109          111            0
         215          119           24            0
         216          109          122            0
         217          112          124            0
         218          124          119            0
         219          116           36            0
         220          106          125            0
         221          125          112            0
         222          113          126            0
         223          126          105            0
         224            7          114            0
         225          114          125            0
         226          115          127            0
         227          127          108            0
         228          122          117            0
         229          122          128            0
         230          128          117            0
         231           24          120            0
         232          119          120            0
         233          120          124            0
         234          124          109            0
         235          126          121            0
         236          121          115            0
         237          123          118            0
         238          118          116            0
         239          114          129            0
         240          129          125            0
         241            8          129            0
         242          129            7            0
         243          117          130            0
         244          130          113            0
         245          127          123            0
         246          112          131            0
         247          131          124            0
         248          125          131            0
         249          130          126            0
         250          122          124            0
         251          124          128            0
         252          126          132            0
         253          132          121            0
         254          127          133            0
         255          133          123            0
         256          131          128            0
         257          131          134            0
         258          134          128            0
         259          118           38            0
         260          115          135            0
         261          135          127            0
         262          134          117            0
         263          134          130            0
         264          125          136            0
         265          136          131            0
         266          130          137            0
         267          137          126            0
         268          129          136            0
         269          137          132            0
         270          132          135            0
         271          135          121            0
         272          136          134            0
         273          129          138            0
         274          138          136            0
         275          137          139            0
         276          139          132            0
         277          136          140            0
         278          140          134            0
         279            9          129            0
         280          123          141            0
         281          141          118            0
         282          141           38            0
         283          127          142            0
         284          142          133            0
         285          133          141            0
         286          135          142            0
         287          130          143            0
         288          143          137            0
         289          135          144            0
         290          144          142            0
         291           38          145            0
         292          145           39            0
         293            9          138            0
         294          138          140            0
         295          140          143            0
         296          143          134            0
         297          133          146            0
         298          146          141            0
         299           10          138            0
         300          137          147            0
         301          147          139            0
         302          139          144            0
         303          144          132            0
         304          142          148            0
         305          148          133            0
         306          143          147            0
         307          138          149            0
         308          149          140            0
         309          140          147            0
         310          148          146            0
         311          146          145            0
         312          145          141            0
         313          146          150            0
         314          150          145            0
         315           39          150            0
         316          150           40            0
         317          144          151            0
         318          151          142            0
         319          151          148            0
         320           10          149            0
         321          149          147            0
         322           11          152            0
         323          152           10            0
         324          147          153            0
         325          153          139            0
         326          148          154            0
         327          154          146            0
         328          154          150            0
         329          144          155            0
         330          155          151            0
         331          151          156            0
         332          156          148            0
         333           40          157            0
         334          157           41            0
         335          147          158            0
         336          158          153            0
         337          153          159            0
         338          159          139            0
         339          156          154            0
         340          154          157            0
         341          157          150            0
         342          144          159            0
         343          159          155            0
         344          149          158            0
         345           12          152            0
         346          152          149            0
         347          155          160            0
         348          160          151            0
         349          160          156            0
         350          158          161            0
         351          161          153            0
         352          153          162            0
         353          162          159            0
         354          156          163            0
         355          163          154            0
         356           13          164            0
         357          164           12            0
         358          157           42            0
         359          155          165            0
         360          165          160            0
         361          160          166            0
         362          166          156            0
         363          158          167            0
         364          167          161            0
         365          161          162            0
         366          162          165            0
         367          165          159            0
         368          166          163            0
         369          163          157            0
         370          149          167            0
         371          167          168            0
         372          168          161            0
         373          161          169            0
         374          169          162            0
         375           14          164            0
         376           15          170            0
         377          170           14            0
         378           42          171            0
         379          171           43            0
         380          171           44            0
         381           77          172            0
         382          172           76            0
         383           60           77            0
         384          152          167            0
         385          165          173            0
         386          173          160            0
         387          173          166            0
         388          167          164            0
         389          164          168            0
         390          168          169            0
         391          169          174            0
         392          174          162            0
         393          165          175            0
         394          175          173            0
         395          168          176            0
         396          176          169            0
         397          174          165            0
         398           16          177            0
         399          177           15            0
         400           17          178            0
         401          178           16            0
         402           44          179            0
         403          179           45            0
         404           45          180            0
         405          180           46            0
         406           46          181            0
         407          181           47            0
         408           59          172            0
         409          172           60            0
         410           63          178            0
         411          178           62            0
         412           64          182            0
         413          182           63            0
         414          164          152            0
         415          166          183            0
         416          183          163            0
         417          173          184            0
         418          184          166            0
         419          169          185            0
         420          185          174            0
         421          174          175            0
         422          175          186            0
         423          186          173            0
         424          168          187            0
         425          187          176            0
         426          176          185            0
         427          184          183            0
         428          183          188            0
         429          188          163            0
         430          186          184            0
         431          185          175            0
         432          164          187            0
         433          187          189            0
         434          189          176            0
         435          176          190            0
         436          190          185            0
         437          183          191            0
         438          191          188            0
         439          188          157            0
         440           62           17            0
         441           47          192            0
         442          192           48            0
         443           48          193            0
         444          193           49            0
         445           49          194            0
         446          194           50            0
         447           50           52            0
         448           52          194            0
         449          194           53            0
         450           53          195            0
         451          195           54            0
         452           54          196            0
         453          196           55            0
         454           55          197            0
         455          197           56            0
         456           56          198            0
         457          198           57            0
         458           57          199            0
         459          199           58            0
         460           58          200            0
         461          200           59            0
         462           65          201            0
         463          201           64            0
         464           66          202            0
         465          202           65            0
         466           67          203            0
         467          203           66            0
         468           68          204            0
         469          204           67            0
         470           69          205            0
         471          205           68            0
         472           70          206            0
         473          206           69            0
         474           71          207            0
         475          207           70            0
         476           72          208            0
         477          208           71            0
         478           73          209            0
         479          209           72            0
         480           74          210            0
         481          210           73            0
         482           75          211            0
         483          211           74            0
         484          172           75            0
         485          177          170            0
         486          177          189            0
         487          189          170            0
         488          170          164            0
         489          157          171            0
         490          175          212            0
         491          212          186            0
         492          184          213            0
         493          213          183            0
         494          186          214            0
         495          214          184            0
         496          187          170            0
         497          189          190            0
         498          190          215            0
         499          215          185            0
         500          213          191            0
         501          191          216            0
         502          216          188            0
         503          175          215            0
         504          215          212            0
         505          212          217            0
         506          217          186            0
         507          214          213            0
         508          217          214            0
         509          189          218            0
         510          218          190            0
         511          190          219            0
         512          219          215            0
         513          191          220            0
         514          220          216            0
         515          216          171            0
         516          171          188            0
         517          212          221            0
         518          221          217            0
         519          177          218            0
         520          218          219            0
         521          191          222            0
         522          222          220            0
         523          220          223            0
         524          223          216            0
         525          178          177            0
         526          178          224            0
         527          224          177            0
         528          171          179            0
         529          179          180            0
         530          179          225            0
         531          225          180            0
         532          180          181            0
         533          180          226            0
         534          226          181            0
         535          181          192            0
         536          181          227            0
         537          227          192            0
         538          201          182            0
         539          201          218            0
         540          218          182            0
         541          182          178            0
         542          192          193            0
         543          192          228            0
         544          228          193            0
         545          202          201            0
         546          202          219            0
         547          219          201            0
         548          203          202            0
         549          203          229            0
         550          229          202            0
         551          204          203            0
         552          204          230            0
         553          230          203            0
         554          205          204            0
         555          205          231            0
         556          231          204            0
         557          206          205            0
         558          206          232            0
         559          232          205            0
         560          207          206            0
         561          207          233            0
         562          233          206            0
         563          213          222            0
         564          217          234            0
         565          234          214            0
         566          219          235            0
         567          235          215            0
         568          223          171            0
         569          212          235            0
         570          235          221            0
         571          221          236            0
         572          236          217            0
         573          222          237            0
         574          237          220            0
         575          220          238            0
         576          238          223            0
         577          182          224            0
         578          224          218            0
         579          179          223            0
         580          223          225            0
         581          225          226            0
         582          225          239            0
         583          239          226            0
         584          226          227            0
         585          226          240            0
         586          240          227            0
         587          227          228            0
         588          227          241            0
         589          241          228            0
         590          228          242            0
         591          242          193            0
         592          230          229            0
         593          230          235            0
         594          235          229            0
         595          219          229            0
         596          231          230            0
         597          231          221            0
         598          221          230            0
         599          232          231            0
         600          232          236            0
         601          236          231            0
         602          233          232            0
         603          233          243            0
         604          243          232            0
         605          207          244            0
         606          244          233            0
         607          213          245            0
         608          245          222            0
         609          236          234            0
         610          234          245            0
         611          245          214            0
         612          222          246            0
         613          246          237            0
         614          237          238            0
         615          238          225            0
         616          238          239            0
         617          239          240            0
         618          239          247            0
         619          247          240            0
         620          240          241            0
         621          240          248            0
         622          248          241            0
         623          241          249            0
         624          249          228            0
         625          233          250            0
         626          250          243            0
         627          243          236            0
         628          245          246            0
         629          243          234            0
         630          246          251            0
         631          251          237            0
         632          237          239            0
         633          239          251            0
         634          251          247            0
         635          247          248            0
         636          247          252            0
         637          252          248            0
         638          248          253            0
         639          253          241            0
         640          245          254            0
         641          254          246            0
         642          246          255            0
         643          255          251            0
         644          251          252            0
         645          252          256            0
         646          256          248            0
         647          234          254            0
         648          254          255            0
         649          255          257            0
         650          257          251            0
         651          254          250            0
         652          250          255            0
         653          193          194            0
         654          242          194            0
         655          242           53            0
         656          242          195            0
         657          242          249            0
         658          249          195            0
         659          195          196            0
         660          249          196            0
         661          196          197            0
         662          196          253            0
         663          253          197            0
         664          197          198            0
         665          197          258            0
         666          258          198            0
         667          198          199            0
         668          198          259            0
         669          259          199            0
         670          199          200            0
         671          199          260            0
         672          260          200            0
         673          200          172            0
         674          208          207            0
         675          208          244            0
         676          208          209            0
         677          209          244            0
         678          210          209            0
         679          210          261            0
         680          261          209            0
         681          211          210            0
         682          211          262            0
         683          262          210            0
         684          172          211            0
         685          244          250            0
         686          253          249            0
         687          254          243            0
         688          256          253            0
         689          252          263            0
         690          263          256            0
         691          255          264            0
         692          264          257            0
         693          257          252            0
         694          257          263            0
         695          253          258            0
         696          258          259            0
         697          258          256            0
         698          256          259            0
         699          259          260            0
         700          259          265            0
         701          265          260            0
         702          260          172            0
         703          262          261            0
         704          262          266            0
         705          266          261            0
         706          261          244            0
         707          211          267            0
         708          267          262            0
         709          244          264            0
         710          264          250            0
         711          263          265            0
         712          265          256            0
         713          264          266            0
         714          266          257            0
         715          265          267            0
         716          267          260            0
         717          262          265            0
         718          265          266            0
         719          264          261            0
         720          172          267            0
         721          263          266            0
           1                1           18           78     1
           2               30           80           79     1
           3               31           82           81     1
           4                2           84           83     1
           5               19           86           85     1
           6               29           88           87     1
           7               32           90           89     1
           8                3           83           91     1
           9               20           93           92     1
          10               28           87           94     1
          11               33           95           90     1
          12               79           96           88     1
          13               96           98           97     1
          14               80           81           99     1
          15               99          100           98     1
          16               82           89          101     1
          17              101          103          102     1
          18               84           78           85     1
          19               97          105          104     1
          20              102          106          100     1
          21              103          108          107     1
          22                4          110          109     1
          23               21          111           93     1
          24               27          113          112     1
          25               34          115          114     1
          26               92          116           86     1
          27              104          117           94     1
          28              105          119          118     1
          29              107          121          120     1
          30              108           95          122     1
          31              118          124          123     1
          32              119          126          125     1
          33              120          128          127     1
          34              121          130          129     1
          35              126          106          127     1
          36              116          132          131     1
          37              131          133           91     1
          38              132          135          134     1
          39              123          137          136     1
          40              125          139          138     1
          41              128          140          139     1
          42              134          142          141     1
          43              135          111          143     1
          44                5          109          144     1
          45               22          146          145     1
          46               26          112          147     1
          47               35          148          115     1
          48              110          133          149     1
          49              149          141          150     1
          50              150          152          151     1
          51              113          117          136     1
          52              114          153          122     1
          53              124          155          154     1
          54              129          157          156     1
          55              130          153          158     1
          56              138          159          155     1
          57              142          161          160     1
          58              159          163          162     1
          59              151          164          144     1
          60              152          166          165     1
          61              154          168          167     1
          62              156          169          140     1
          63              157          171          170     1
          64              161          173          172     1
          65               23          174          146     1
          66               25          176          175     1
          67              145          173          143     1
          68              160          177          166     1
          69              163          179          178     1
          70              167          181          180     1
          71              177          183          182     1
          72                6          164          184     1
          73              162          186          185     1
          74              165          188          187     1
          75              168          185          189     1
          76              170          191          190     1
          77              171          193          192     1
          78              180          194          137     1
          79              189          196          195     1
          80               36          198          197     1
          81              172          200          199     1
          82              175          202          201     1
          83              176          147          203     1
          84              178          205          204     1
          85              179          169          206     1
          86              206          190          207     1
          87              181          209          208     1
          88              183          199          210     1
          89              192          212          211     1
          90              193          158          213     1
          91              194          214          203     1
          92              200          174          215     1
          93              208          216          214     1
          94              210          218          217     1
          95              213          148          219     1
          96              182          221          220     1
          97              186          223          222     1
          98              187          224          184     1
          99              188          220          225     1
         100              191          227          226     1
         101              195          228          209     1
         102              228          230          229     1
         103              201          231           24     1
         104              231          232          215     1
         105              202          234          233     1
         106              204          235          223     1
         107              205          207          236     1
         108              212          238          237     1
         109              225          240          239     1
         110              238          219          197     1
         111                7          242          241     1
         112              196          244          243     1
         113              211          245          227     1
         114              217          247          246     1
         115              218          232          233     1
         116              221          246          248     1
         117              222          249          244     1
         118              229          251          250     1
         119              235          253          252     1
         120              245          255          254     1
         121              251          256          247     1
         122              256          258          257     1
         123               37          259          198     1
         124              226          261          260     1
         125              230          262          258     1
         126              243          263          262     1
         127              248          265          264     1
         128              249          267          266     1
         129              239          242          224     1
         130              240          264          268     1
         131              252          269          267     1
         132              253          271          270     1
         133              257          272          265     1
         134              260          271          236     1
         135              268          274          273     1
         136              269          276          275     1
         137              272          278          277     1
         138                8          241          279     1
         139              237          281          280     1
         140              281          259          282     1
         141              254          284          283     1
         142              255          280          285     1
         143              261          283          286     1
         144              266          288          287     1
         145              286          290          289     1
         146               38          292          291     1
         147              216          250          234     1
         148              273          293          279     1
         149              274          277          294     1
         150              278          296          295     1
         151              285          298          297     1
         152              287          296          263     1
         153                9          293          299     1
         154              275          301          300     1
         155              276          303          302     1
         156              284          305          304     1
         157              288          300          306     1
         158              289          303          270     1
         159              294          308          307     1
         160              295          306          309     1
         161              297          310          305     1
         162              298          312          311     1
         163              311          314          313     1
         164              312          282          291     1
         165               39          316          315     1
         166              290          318          317     1
         167              304          319          318     1
         168              307          320          299     1
         169              308          309          321     1
         170               10          323          322     1
         171              292          315          314     1
         172              301          325          324     1
         173              310          327          326     1
         174              313          328          327     1
         175              317          330          329     1
         176              319          332          331     1
         177               40          334          333     1
         178              324          336          335     1
         179              325          338          337     1
         180              326          339          332     1
         181              328          341          340     1
         182              329          343          342     1
         183              335          344          321     1
         184              338          302          342     1
         185               11          322          345     1
         186              323          320          346     1
         187              330          348          347     1
         188              331          349          348     1
         189              336          351          350     1
         190              337          353          352     1
         191              339          355          354     1
         192              341          316          333     1
         193               12          357          356     1
         194               41          358          334     1
         195              347          360          359     1
         196              349          362          361     1
         197              350          364          363     1
         198              351          352          365     1
         199              353          367          366     1
         200              354          368          362     1
         201              355          340          369     1
         202              363          370          344     1
         203              364          372          371     1
         204              365          374          373     1
         205               13          356          375     1
         206               14          377          376     1
         207               42          379          378     1
         208               43          380          379     1
         209               76          382          381     1
         210               77          383           60     1
         211              343          359          367     1
         212              346          370          384     1
         213              360          386          385     1
         214              361          387          386     1
         215              371          389          388     1
         216              372          373          390     1
         217              374          392          391     1
         218              385          394          393     1
         219              390          396          395     1
         220              392          366          397     1
         221               15          399          398     1
         222               16          401          400     1
         223               44          403          402     1
         224               45          405          404     1
         225               46          407          406     1
         226               59          409          408     1
         227               62          411          410     1
         228               63          413          412     1
         229              357          345          414     1
         230              368          416          415     1
         231              387          418          417     1
         232              391          420          419     1
         233              393          421          397     1
         234              394          423          422     1
         235              395          425          424     1
         236              396          419          426     1
         237              415          427          418     1
         238              416          429          428     1
         239              417          430          423     1
         240              420          421          431     1
         241              424          432          389     1
         242              425          434          433     1
         243              426          436          435     1
         244              428          438          437     1
         245              429          369          439     1
         246               17          440           61     1
         247               47          442          441     1
         248               48          444          443     1
         249               49          446          445     1
         250               50           51          447     1
         251               52          449          448     1
         252               53          451          450     1
         253               54          453          452     1
         254               55          455          454     1
         255               56          457          456     1
         256               57          459          458     1
         257               58          461          460     1
         258               64          463          462     1
         259               65          465          464     1
         260               66          467          466     1
         261               67          469          468     1
         262               68          471          470     1
         263               69          473          472     1
         264               70          475          474     1
         265               71          477          476     1
         266               72          479          478     1
         267               73          481          480     1
         268               74          483          482     1
         269               75          484          382     1
         270              376          485          399     1
         271              485          487          486     1
         272              377          375          488     1
         273              378          489          358     1
         274              422          491          490     1
         275              427          493          492     1
         276              430          495          494     1
         277              433          487          496     1
         278              434          435          497     1
         279              436          499          498     1
         280              437          500          493     1
         281              438          502          501     1
         282              490          504          503     1
         283              491          506          505     1
         284              492          507          495     1
         285              494          508          506     1
         286              497          510          509     1
         287              498          512          511     1
         288              499          431          503     1
         289              501          514          513     1
         290              502          516          515     1
         291              505          518          517     1
         292              509          519          486     1
         293              510          511          520     1
         294              513          522          521     1
         295              514          524          523     1
         296              398          525          401     1
         297              525          527          526     1
         298              400          411          440     1
         299              402          528          380     1
         300              403          404          529     1
         301              529          531          530     1
         302              405          406          532     1
         303              532          534          533     1
         304              407          441          535     1
         305              535          537          536     1
         306              412          538          463     1
         307              538          540          539     1
         308              413          410          541     1
         309              442          443          542     1
         310              542          544          543     1
         311              462          545          465     1
         312              545          547          546     1
         313              464          548          467     1
         314              548          550          549     1
         315              466          551          469     1
         316              551          553          552     1
         317              468          554          471     1
         318              554          556          555     1
         319              470          557          473     1
         320              557          559          558     1
         321              472          560          475     1
         322              560          562          561     1
         323              500          521          563     1
         324              508          565          564     1
         325              512          567          566     1
         326              515          568          524     1
         327              517          570          569     1
         328              518          572          571     1
         329              520          547          539     1
         330              522          574          573     1
         331              523          576          575     1
         332              526          577          541     1
         333              527          519          578     1
         334              530          580          579     1
         335              531          533          581     1
         336              581          583          582     1
         337              534          536          584     1
         338              584          586          585     1
         339              537          543          587     1
         340              587          589          588     1
         341              544          591          590     1
         342              549          592          553     1
         343              592          594          593     1
         344              594          595          566     1
         345              550          546          595     1
         346              552          596          556     1
         347              596          598          597     1
         348              555          599          559     1
         349              599          601          600     1
         350              558          602          562     1
         351              602          604          603     1
         352              561          606          605     1
         353              563          608          607     1
         354              564          609          572     1
         355              565          611          610     1
         356              567          504          569     1
         357              570          598          593     1
         358              571          601          597     1
         359              573          613          612     1
         360              574          575          614     1
         361              576          580          615     1
         362              615          582          616     1
         363              583          585          617     1
         364              617          619          618     1
         365              586          588          620     1
         366              620          622          621     1
         367              589          624          623     1
         368              603          626          625     1
         369              604          600          627     1
         370              607          611          507     1
         371              608          612          628     1
         372              609          629          627     1
         373              613          631          630     1
         374              614          616          632     1
         375              618          634          633     1
         376              619          621          635     1
         377              635          637          636     1
         378              622          639          638     1
         379              628          641          640     1
         380              630          643          642     1
         381              631          632          633     1
         382              636          644          634     1
         383              637          646          645     1
         384              640          647          610     1
         385              641          642          648     1
         386              643          650          649     1
         387              648          652          651     1
         388              381          409          383     1
         389              384          388          414     1
         390              432          496          488     1
         391              444          445          653     1
         392              653          654          591     1
         393              654          449          655     1
         394              446          447          448     1
         395              450          656          655     1
         396              656          658          657     1
         397              451          452          659     1
         398              659          660          658     1
         399              453          454          661     1
         400              661          663          662     1
         401              455          456          664     1
         402              664          666          665     1
         403              457          458          667     1
         404              667          669          668     1
         405              459          460          670     1
         406              670          672          671     1
         407              461          408          673     1
         408              474          674          477     1
         409              674          605          675     1
         410              675          677          676     1
         411              676          479          476     1
         412              478          678          481     1
         413              678          680          679     1
         414              480          681          483     1
         415              681          683          682     1
         416              482          684          484     1
         417              577          578          540     1
         418              579          568          528     1
         419              590          657          624     1
         420              606          625          685     1
         421              623          686          639     1
         422              626          687          651     1
         423              638          688          646     1
         424              645          690          689     1
         425              649          692          691     1
         426              650          644          693     1
         427              693          689          694     1
         428              665          695          663     1
         429              666          668          696     1
         430              696          698          697     1
         431              669          671          699     1
         432              699          701          700     1
         433              672          673          702     1
         434              679          703          683     1
         435              703          705          704     1
         436              680          677          706     1
         437              682          708          707     1
         438              685          710          709     1
         439              686          660          662     1
         440              688          695          697     1
         441              690          712          711     1
         442              691          710          652     1
         443              692          714          713     1
         444              700          712          698     1
         445              701          716          715     1
         446              704          718          717     1
         447              705          719          713     1
         448              707          720          684     1
         449              708          717          715     1
         450              711          718          721     1
         451              716          702          720     1
         452              721          714          694     1
         453              629          647          687     1
         454              439          489          516     1
         455              709          719          706     1
